ID: 3, original 2D coordinates: [950 256], 3D Coordinates: [3.2385147  0.79094404 6.863781  ]
ID: 1, original 2D coordinates: [758 184], 3D Coordinates: [ 9.884517   0.7422009 48.046467 ]
ID: 1, original 2D coordinates: [538 190], 3D Coordinates: [-3.4654994  0.8303526 34.942886 ]
